0.256
0.208
0.152
0.072
0.048
0.032
0.02
-0.004
-0.036
-0.032
-0.044
-0.044
-0.044
-0.032
-0.024
-0.044
-0.036
-0.052
-0.12
-0.144
-0.148
-0.176
-0.188
-0.228
-0.272
-0.292
-0.3
-0.3
-0.292
-0.3
-0.3
-0.292
-0.296
-0.288
-0.292
-0.288
-0.292
-0.276
-0.28
-0.276
-0.256
-0.232
-0.252
-0.192
-0.14
-0.076
-0.048
-0.032
-0.02
0.008
0.036
0.04
0.048
0.036
0.028
0.032
0.028
0.048
0.048
0.1
0.136
0.136
0.156
0.18
0.196
0.228
0.268
0.296
0.308
0.316
0.3
0.284
0.292
0.3
0.292
0.292
0.288
0.28
0.276
0.272
0.26
0.256
0.244
0.24
0.232
0.14
0.108
0.068
0.02
0.024
0.008
-0.004
-0.032
-0.044
-0.036
-0.04
-0.036
-0.028
-0.04
-0.036
-0.04
-0.128
-0.136
-0.148
-0.164
-0.176
-0.212
-0.252
-0.288
-0.292
-0.296
-0.3
-0.304
-0.304
-0.304
-0.292
-0.292
-0.296
-0.292
-0.288
-0.288
-0.276
-0.276
-0.256
-0.256
-0.264
-0.208
-0.14
-0.084
-0.048
-0.036
-0.012
0.004
0.028
0.04
0.044
0.044
0.036
0.04
0.024
0.04
0.04
0.044
0.116
0.14
0.148
0.172
0.18
0.228
0.268
0.292
0.312
0.316
0.288
0.292
0.292
0.292
0.284
0.284
0.28
0.28
0.284
0.28
0.276
0.268
0.24
0.232
0.252
0.188
0.14
0.076
0.04
0.028
0.016
-0.012
-0.028
-0.036
-0.036
-0.048
-0.04
-0.032
-0.036
-0.044
-0.044
-0.092
-0.128
-0.144
-0.148
-0.18
-0.204
-0.24
-0.272
-0.296
-0.3
-0.304
-0.3
-0.292
-0.3
-0.284
-0.304
-0.288
-0.304
-0.288
-0.288
-0.288
-0.276
-0.264
-0.26
-0.24
-0.228
-0.144
-0.12
-0.064
-0.028
-0.02
-0.016
0
0.032
0.036
0.032
0.036
0.036
0.024
0.036
0.04
0.044
0.124
0.136
0.152
0.168
0.176
0.208
0.24
0.272
0.296
0.32
0.296
0.292
0.304
0.288
0.292
0.284
0.284
0.288
0.28
0.28
0.268
0.264
0.264
0.252
0.252
0.208
0.152
0.08
0.044
0.028
0.012
0
-0.032
-0.032
-0.048
-0.036
-0.036
-0.032
-0.024
-0.036
-0.048
-0.044
-0.116
-0.136
-0.152
-0.172
-0.188
-0.216
-0.264
-0.304
-0.296
-0.29
-0.284
-0.292
-0.304
-0.292
-0.288
-0.292
-0.292
-0.292
-0.292
-0.276
-0.284
-0.26
-0.252
-0.24
-0.248
-0.196
-0.14
-0.084
-0.04
-0.032
-0.016
0.004
0.036
0.04
0.032
0.04
0.04
0.028
0.028
0.044
0.04
0.092
0.132
0.132
0.152
0.172
0.2
0.224
0.26
0.3
0.308
0.308
0.284
0.28
0.3
0.292
0.292
0.28
0.284
0.28
0.276
0.284
0.272
0.272
0.256
0.252
0.228
0.14
0.124
0.064
0.016
0.016
0.012
-0.004
-0.036
-0.04
-0.04
-0.036
-0.04
-0.028
-0.036
-0.04
-0.048
-0.124
-0.136
-0.148
-0.16
-0.172
-0.208
-0.244
-0.284
-0.3
-0.304
-0.304
-0.292
-0.3
-0.296
-0.304
-0.292
-0.296
-0.292
-0.284
-0.284
-0.276
-0.272
-0.248
-0.252
-0.252
-0.204
-0.14
-0.072
-0.052
-0.028
-0.02
0
0.02
0.036
0.04
0.032
0.036
0.04
0.024
0.04
0.036
0.048
0.116
0.148
0.148
0.172
0.192
0.22
0.268
0.284
0.296
0.324
0.292
0.288
0.3
0.292
0.28
0.292
0.284
0.288
0.284
0.272
0.284
0.264
0.256
0.232
0.248
0.196
0.132
0.076
0.04
0.032
0.024
-0.016
-0.036
-0.036
-0.036
-0.036
-0.032
-0.04
-0.032
-0.044
-0.044
-0.084
-0.12
-0.132
-0.152
-0.176
-0.204
-0.232
-0.28
-0.304
-0.302
-0.3
-0.292
-0.284
-0.288
-0.288
-0.3
-0.292
-0.292
-0.288
-0.292
-0.276
-0.28
-0.272
-0.252
-0.24
-0.24
-0.14
-0.116
-0.068
-0.024
-0.02
-0.008
0
0.04
0.032
0.036
0.036
0.036
0.032
0.032
0.032
0.044
0.132
0.132
0.148
0.156
0.176
0.2
0.244
0.26
0.304
0.316
0.296
0.292
0.296
0.292
0.296
0.288
0.28
0.284
0.288
0.284
0.268
0.26
0.264
0.248
0.256
0.22
0.148
0.084
0.048
0.036
0.016
0
-0.024
-0.04
-0.04
-0.04
