0.008
0
0.008
0.004
0.012
0.008
0.004
0.004
0.004
0.008
0.008
0.008
0.004
0.008
0.012
0.008
0.004
0.004
0.004
0.004
0.004
0
0.012
0
0
-0.004
0.004
0.004
0.012
0.192
0.176
0.18
0.124
0.092
0.068
0.06
0.04
0.036
0.008
-0.004
-0.008
-0.008
-0.008
-0.004
-0.012
-0.004
-0.004
-0.008
-0.004
-0.008
0
0
-0.016
-0.008
-0.004
-0.012
-0.004
-0.004
0
-0.004
-0.008
-0.008
-0.004
-0.012
-0.008
-0.008
-0.008
-0.008
0
-0.012
-0.1
-0.172
-0.2
-0.16
-0.104
-0.084
-0.064
-0.052
-0.052
-0.028
0
0.012
0.004
0.008
0.004
0.008
0.004
0.008
0.008
0
0.004
0.012
0
0.004
0
0.004
0
0.008
0.004
0.004
0.004
0.004
0.016
0
0.008
0.004
0.004
0.004
0
0
0
0.004
0.176
0.164
0.184
0.148
0.108
0.072
0.06
0.044
0.04
0.024
-0.004
0
-0.008
-0.004
-0.008
-0.004
-0.004
-0.004
-0.008
-0.008
-0.008
-0.008
-0.008
-0.008
0
-0.008
-0.008
-0.004
-0.012
-0.008
-0.012
-0.008
0
-0.004
-0.004
-0.008
0
-0.004
-0.008
0
-0.004
0.004
-0.188
-0.18
-0.184
-0.128
-0.092
-0.068
-0.052
-0.048
-0.032
-0.02
0.012
0.004
0.008
0.012
0.004
0.008
0.004
0.004
0.008
0.008
0.008
0.004
0
0
0.012
0
0
0.008
0
0
0
0.008
0.004
0.004
0.004
0.004
0.008
0
0.008
0.004
0.004
0.092
0.176
0.176
0.16
0.112
0.076
0.064
0.056
0.048
0.02
-0.004
-0.004
-0.008
-0.004
-0.004
-0.004
0
-0.008
-0.008
-0.016
-0.004
-0.008
-0.004
-0.004
-0.008
-0.008
-0.004
-0.008
-0.008
-0.012
0.004
-0.008
-0.012
-0.004
-0.004
-0.004
-0.004
-0.004
-0.012
-0.004
-0.004
-0.008
-0.192
-0.164
-0.188
-0.148
-0.104
-0.072
-0.06
-0.048
-0.044
-0.02
0.004
0.008
0
0.012
0.004
0.008
0.008
0.004
0.008
0.004
0.012
0.004
0.008
0.004
0.012
0.008
0.004
0.004
0.004
0.004
0.004
0.004
0.004
0.004
0.008
0.004
0.008
0.004
0
0
0
0.012
0.192
0.176
0.184
0.128
0.1
0.072
0.052
0.044
0.036
0.016
-0.004
-0.004
-0.008
-0.008
-0.004
-0.008
-0.004
-0.012
-0.012
-0.012
0.004
0
-0.004
-0.012
-0.004
-0.012
-0.004
-0.008
-0.004
-0.008
-0.004
-0.008
-0.008
-0.008
0
-0.008
-0.008
0
-0.008
-0.008
-0.004
-0.072
-0.172
-0.188
-0.164
-0.12
-0.08
-0.06
-0.056
-0.048
-0.028
-0.004
0
0.008
0.004
0
0.004
0.004
0.004
0.008
0.008
0.004
0.008
0
0.004
0.012
0.012
0
0.012
-0.004
0.008
0.012
0.008
0
0.008
-0.004
0
0.004
0
0.004
0
0.008
0.004
0.172
0.16
0.192
0.148
0.1
0.076
0.068
0.048
0.044
0.02
-0.004
0
0
-0.008
-0.008
-0.008
0
-0.004
-0.012
-0.004
-0.008
-0.004
-0.004
-0.004
0
-0.004
0
-0.004
0
-0.004
-0.012
-0.008
-0.008
0
-0.008
-0.004
-0.004
-0.012
-0.008
0.004
-0.008
-0.004
-0.204
-0.18
-0.176
-0.132
-0.088
-0.068
-0.052
-0.052
-0.044
-0.02
0.004
0.008
0.004
0.008
0
0.008
0.004
0.008
0.004
0.008
-0.004
0.008
0.008
0
0.004
0
0.004
0.004
0.008
0.004
0.008
0.008
0.012
0
0.008
0
0.008
0.004
0.004
0
0.008
0.068
0.18
0.172
0.168
0.112
0.084
0.072
0.052
0.044
0.028
0
-0.008
-0.004
0
-0.008
-0.004
-0.004
-0.008
-0.008
-0.004
-0.004
-0.004
0
-0.008
-0.004
-0.004
-0.008
-0.012
-0.004
-0.004
-0.004
-0.008
-0.004
0
-0.004
-0.004
0
-0.008
0
0
-0.004
0
-0.164
-0.164
-0.196
-0.152
-0.112
-0.084
-0.06
-0.052
-0.036
-0.012
0
0.004
0.004
0.004
0.004
0
0.004
0.008
0.004
0.004
0.008
0
0.004
0
0.004
