-160
-152
-140
-132
-112
-92
-84
-76
-68
-68
-44
-36
-16
-8
0
4
20
44
56
72
76
84
96
100
116
136
136
156
148
160
160
160
164
164
160
164
160
160
164
160
152
156
160
156
140
120
100
92
80
68
64
52
44
32
16
0
0
-8
-24
-44
-56
-76
-84
-96
-96
-108
-124
-132
-144
-156
-160
-160
-160
-160
-164
-168
-168
-164
-164
-156
-160
-160
-160
-156
-160
-148
-136
-120
-96
-88
-76
-68
-68
-52
-36
-24
-8
-8
8
8
32
44
64
76
84
96
100
104
120
132
140
152
160
152
148
160
156
168
164
164
164
164
160
164
156
156
160
148
132
112
92
84
76
64
52
52
32
20
4
0
-4
-20
-40
-52
-68
-76
-92
-96
-100
-120
-128
-144
-152
-156
-156
-164
-160
-168
-164
-160
-164
-164
-168
-160
-164
-160
-152
-152
-152
-140
-116
-112
-96
-76
-72
-68
-48
-40
-36
-16
-8
0
8
20
40
56
68
80
88
96
108
116
128
140
152
156
160
160
156
160
164
164
160
164
164
160
160
152
156
160
148
136
116
92
88
80
68
60
44
40
32
16
0
-4
-16
-28
-44
-64
-68
-84
-92
-100
-108
-120
-132
-144
-152
-160
-164
-160
-168
-160
-160
-164
-164
-160
-164
-160
-160
-164
-160
-152
-156
-124
-116
-100
-88
-72
-72
-64
-48
-36
-28
-8
-4
0
20
32
52
68
76
76
100
96
108
124
140
144
156
160
160
160
160
164
164
164
164
168
160
160
156
152
164
148
136
120
108
96
76
72
64
56
44
36
16
4
-8
-12
-24
-40
-56
-68
-88
-96
-96
-104
-120
-136
-148
-152
-156
-164
-164
-168
-164
-160
-164
-160
-168
-160
-156
-160
-164
-156
-156
-148
-132
-120
-100
-80
-80
-72
-60
-48
-40
-24
-8
0
0
16
32
52
60
72
80
92
100
112
124
136
140
152
152
156
156
160
168
160
160
168
160
160
160
156
168
152
152
140
128
116
100
96
76
68
60
40
40
24
12
-4
-4
-28
-36
-52
-68
-76
-84
-104
-104
-116
-128
-144
-152
-156
-164
-160
-160
-164
-160
-160
-176
-164
-164
-164
-160
-156
-164
-156
-148
-136
-124
-104
-92
-88
-72
-64
-56
-40
-32
-20
-8
0
12
28
40
56
72
76
88
92
100
120
132
140
152
156
156
160
156
164
164
160
164
160
168
160
160
156
164
156
148
128
120
104
88
76
68
60
56
44
24
16
8
4
-8
-28
-48
-60
-76
-84
-92
-108
-112
-124
-140
-148
-152
-160
-164
-164
-160
-168
-160
-164
-164
-160
-160
-160
-160
-160
-156
-160
-144
-128
-116
-96
-92
-80
-72
-56
-48
-36
