0.67998
0.65488
0.41181
0.47637
0.38827
0.45206
0.02676
0.42529
0.10581
0.043111
0.55612
0.61129
0.73883
0.25692
0.72626
0.71325
0.50376
0.89277
0.77939
0.49486
0.76151
0.66704
0.97811
0.11707
0.86932
0.56786
0.12015
0.97033
0.83997
0.062317
0.27807
0.40963
0.62681
0.9191
0.41515
0.7115
0.97087
0.43547
0.63538
0.90156
0.87158
0.14272
0.2006
0.62093
0.77503
0.24681
0.36945
0.3411
0.45639
0.17082
0.74561
0.097978
0.89027
0.082094
0.78152
0.84868
0.45088
0.60533
0.35447
0.7591
0.58944
0.61157
0.84317
0.45699
0.88279
0.49357
0.62285
0.56217
0.72166
0.54677
0.78444
0.44635
0.91191
0.086587
0.99894
0.72758
0.55841
0.14282
0.83764
0.72525
0.41738
0.27317
0.31471
0.5817
0.68936
0.86387
0.21086
0.50675
0.42505
0.2397
0.75752
0.79191
0.38588
0.31805
0.48093
0.27851
0.15804
0.39541
0.28546
0.24305
0.64252
0.95692
0.18634
0.90952
0.56874
0.19352
0.70424
0.65158
0.3319
0.52157
0.024763
0.022273
0.79852
0.10781
0.68881
0.77503
0.79149
0.70947
0.94654
0.29802
0.99582
0.55445
0.65609
0.94535
0.22464
0.98152
0.17062
0.94106
0.95696
0.17501
0.05431
0.26821
0.54601
0.77519
0.60376
0.3161
0.43335
0.84278
0.62613
0.27255
0.51453
0.8884
0.1743
0.82007
0.18119
0.097264
0.031315
0.010176
0.96745
0.88804
0.049685
0.67021
0.97662
0.22027
0.084059
0.35886
0.73318
0.60214
0.45137
0.9128
0.0031773
0.51008
0.14446
0.50465
0.56821
0.64217
0.20693
0.34019
0.32747
0.61496
0.59119
0.68792
0.16644
0.65223
0.76864
0.39577
0.39626
0.69212
0.23767
0.94888
0.13575
0.51152
0.041431
0.31241
0.32177
0.94832
0.20734
0.48934
0.44468
0.82085
0.01748
0.78852
0.54079
0.045476
0.51385
0.44562
0.49136
0.65989
0.50537
0.74186
0.94385
0.79933
0.43773
0.090313
0.93357
0.37838
0.75892
0.80379
0.80424
0.59579
0.32499
0.74835
0.47647
0.51559
0.48009
0.42402
0.17602
0.28056
0.87767
0.87386
0.48959
0.60628
0.71769
0.14002
0.58305
0.195
0.063338
0.063902
0.93987
0.52018
0.15012
0.64659
0.58378
0.31233
0.67214
0.39706
0.21952
0.24082
0.38638
0.033501
0.34672
0.55204
0.55844
0.066815
0.58194
0.47586
0.66194
0.7861
0.19003
0.96151
0.53506
0.91452
0.64566
0.15347
0.052182
0.015051
0.19636
0.52771
0.14767
0.073134
0.55484
0.98128
0.16286
0.1566
0.16367
0.07849
0.7184
0.44627
0.51012
0.60514
0.88307
0.12192
0.29026
0.062342
0.14353
0.067965
0.18509
0.76868
0.89768
0.51827
0.84463
0.22876
0.42837
0.36829
0.69605
0.94438
0.21789
0.753
0.51984
0.76007
0.88087
0.23748
0.93969
0.027152
0.56151
0.89045
0.16699
0.42524
0.3269
0.56759
0.82699
0.39168
0.62135
0.96515
0.82847
0.8134
0.95509
0.18312
0.67043
0.7356
0.81955
0.68102
0.33006
0.034692
0.12019
0.28371
0.83824
0.90135
0.44995
0.98854
0.033789
0.85945
0.52856
0.97546
0.87722
0.16134
0.35338
0.058007
0.44412
0.44109
0.3267
0.9144
0.49456
0.71024
0.66464
0.83178
0.25804
0.76924
0.41057
0.055657
0.87065
0.9723
0.11698
0.50831
0.75557
0.10999
0.033864
0.4411
0.12978
0.9716
0.94015
0.93312
0.98376
0.69304
0.70248
0.37131
0.064106
0.44345
0.54299
0.54016
0.78628
0.60141
0.94701
0.63122
0.87884
0.12269
0.81355
0.9776
0.23124
0.91274
0.67637
0.72507
0.68579
0.79672
0.52963
0.75464
0.50355
0.90704
0.12361
0.85223
0.17505
0.76417
0.45933
0.60606
0.36404
0.40195
0.73007
0.95513
0.8788
0.60973
0.96777
0.63414
0.77726
0.8985
0.22657
0.10127
0.82826
0.42447
0.7271
0.93675
0.29653
0.3122
0.5497
0.55258
0.6404
0.59665
0.16117
0.41791
0.36906
0.080265
0.23631
0.99434
0.9093
0.79079
0.13515
0.55034
0.053838
0.67655
0.82228
0.9114
0.14721
0.30486
0.77987
0.48723
0.54917
0.87822
0.98829
0.019152
0.35132
0.53465
0.74782
0.97001
0.69514
0.27327
0.95114
0.90767
0.45742
0.73317
0.55824
0.99389
0.3893
0.88168
0.89327
0.386
0.72755
0.91265
0.90413
0.081452
0.033342
0.57241
0.0092902
0.19833
0.02068
0.79227
0.19083
0.95208
0.77023
0.81657
0.42605
0.30022
0.68029
0.85852
0.87179
0.89706
0.84359
0.48515
0.48854
0.065334
0.45698
0.59556
0.11008
0.34378
0.26407
0.58018
0.43539
0.4151
0.054213
0.2597
0.24418
0.7091
0.65885
0.11918
0.12922
0.077969
0.73524
0.55615
0.83437
0.10612
0.25656
0.054124
0.65655
0.27744
0.70913
0.1303
0.524
0.04589
0.10131
0.46894
0.71065
0.60135
0.20492
0.61879
0.69915
0.31483
0.80479
0.17802
0.24131
0.59473
0.86823
0.81867
0.59008
0.0022878
