0.04
0
0
-0.02
-0.04
-0.02
0
-0.02
-0.02
-0.02
-0.02
-0.02
-0.02
-0.02
0.02
-0.02
0
-0.04
-0.02
0
0
0
-0.02
0
-0.02
0.02
-0.02
0
-0.1
-0.34
-0.54
-0.3
-0.2
-0.14
-0.1
-0.12
-0.08
0.02
0
0.02
0.02
0.02
0.06
0
0.04
0.02
0.02
0.02
0.04
0.02
0.04
0
0
0.02
0.02
0
0.02
-0.02
0.02
0.02
0.02
0.04
0.02
0.02
0.02
0.04
0.02
0.04
0.02
0.04
0.16
0.42
0.48
0.2
0.12
0.12
0.14
0.1
0.06
0
-0.04
0.02
-0.02
0
-0.02
0
-0.04
-0.02
-0.02
-0.04
-0.04
0.02
-0.04
-0.02
-0.02
-0.02
0
-0.02
-0.02
-0.04
0
-0.02
-0.02
0
-0.02
-0.02
0
-0.06
-0.02
0
0.02
-0.18
-0.4
-0.5
-0.4
-0.2
-0.12
-0.14
-0.1
-0.1
-0.02
0
0.02
0.02
0.02
0.02
0.04
0.04
0.02
0.02
0.02
0.02
0.02
0
0.02
0.04
0
0.02
0.02
0
0.02
0.04
0.02
0.04
-0.02
0.02
0.02
0.02
0.02
0
0.06
0.04
0.02
0.16
0.34
0.5
0.32
0.2
0.14
0.12
0.1
0.08
0.02
0.02
0
0
0.02
-0.02
0
-0.02
-0.02
0
0
0.02
0
0
-0.02
-0.04
0
-0.02
0
0
-0.02
-0.04
-0.02
-0.04
-0.02
0
0
0
0.02
0
0
0
-0.02
-0.1
-0.38
-0.48
-0.24
-0.14
-0.14
-0.1
-0.1
-0.04
0.02
0.02
0.02
0.04
0
0
0.04
0
0.02
0.02
0
0
0.04
0.04
0.04
0.04
0.02
0.02
0.02
0.02
0.06
0.02
0.04
0.04
0
0.02
0.02
0
0
0.02
-0.02
0.02
0.04
0.26
0.48
0.4
0.2
0.2
0.12
0.1
0.08
0.02
-0.02
0.02
-0.04
0
-0.04
0
-0.02
0
0
0.02
0
0.04
0
0
0
-0.06
-0.02
-0.02
-0.02
0
-0.04
-0.02
-0.02
-0.02
0.02
0
0.04
-0.02
-0.02
0
0
0.02
-0.08
-0.34
-0.54
-0.32
-0.14
-0.1
-0.12
-0.08
-0.08
0
0.04
0
0.04
0
0.04
0.02
0
0.04
0.04
0.04
0.02
0.08
0.02
0.06
0.02
0.02
0.02
0
0.02
0.04
0.02
0.04
0.02
0.02
0
0.02
0
0.02
0
0
-0.02
0.02
0.12
0.38
0.56
0.24
0.14
0.14
0.14
0.12
0.04
0
0
0
0
0
-0.02
-0.02
0.02
-0.04
0
0.02
0
0
0
0.02
-0.02
-0.02
-0.02
0.02
0
-0.04
-0.04
0
0
0
-0.02
-0.02
-0.06
-0.02
0
-0.02
-0.04
-0.02
-0.2
-0.5
-0.4
-0.2
-0.14
-0.1
-0.12
-0.06
0
0
0
0
0.04
0
0.04
0
0.02
0
0.02
0.02
0.02
0.04
0
0.04
0.06
0.02
0.04
0
0.02
0.04
0.04
0.02
0.06
0.04
0.02
0.02
0
0
0.02
0.02
0.02
0.12
0.34
0.54
0.32
0.18
0.12
0.12
0.12
0.06
0.02
-0.02
-0.02
-0.02
0
-0.02
-0.02
-0.02
0
-0.02
-0.02
0
0.02
-0.04
0
-0.02
-0.02
-0.02
0
0
-0.04
-0.06
-0.02
-0.02
0
-0.02
-0.02
-0.02
-0.04
-0.02
-0.02
0
0
-0.1
-0.4
-0.48
-0.28
-0.12
-0.12
-0.12
-0.1
-0.04
-0.02
0.04
0.04
0.04
0
0.02
0.04
0.02
0.04
0.02
0.02
-0.02
0.04
0.02
0.04
0.04
0.04
0.02
0.02
0
0.02
0
0.02
0.02
0.04
-0.02
0.02
0.02
0
0.02
0.02
0
0.24
0.5
0.52
0.4
0.24
0.1
0.14
0.12
0.08
0.08
0
0
0
0
-0.04
-0.04
-0.02
-0.04
-0.02
0
-0.06
-0.02
-0.04
0
-0.02
-0.02
