1.24
1.24
1.24
1.24
1.24
1.24
1.2
1.12
1.08
1.16
1.08
0.88
0.76
0.6
0.48
0.44
0.32
0.28
0.2
0.16
0.08
0
-0.04
-0.04
-0.08
-0.28
-0.36
-0.44
-0.56
-0.68
-0.8
-0.8
-0.88
-1.08
-1.12
-1.16
-1.28
-1.28
-1.28
-1.28
-1.28
-1.28
-1.28
-1.28
-1.28
-1.28
-1.32
-1.32
-1.24
-1.24
-1.24
-1.24
-1.08
-0.92
-0.8
-0.64
-0.56
-0.48
-0.4
-0.28
-0.24
-0.16
-0.12
-0.04
0.04
0.04
0.04
0.16
0.24
0.44
0.56
0.68
0.68
0.8
0.84
0.96
1.08
1.12
1.24
1.2
1.2
1.28
1.24
1.24
1.24
1.2
1.28
1.24
1.2
1.2
1.2
1.12
1.16
1.04
1
0.72
0.68
0.6
0.4
0.4
0.36
0.24
0.12
0.12
0.08
-0.04
-0.12
-0.04
-0.24
-0.32
-0.36
-0.56
-0.64
-0.72
-0.76
-0.88
-0.92
-1.04
-1.16
-1.28
-1.36
-1.24
-1.28
-1.36
-1.28
-1.28
-1.24
-1.28
-1.32
-1.28
-1.28
-1.32
-1.28
-1.2
-1.2
-1.16
-0.96
-0.88
-0.76
-0.6
-0.52
-0.36
-0.4
-0.28
-0.16
-0.08
-0.04
0.04
0.08
0
0.16
0.28
0.4
0.52
0.6
0.68
0.72
0.8
0.88
1.04
1.16
1.24
1.24
1.24
1.28
1.24
1.24
1.24
1.28
1.2
1.24
1.2
1.16
1.16
1.12
1.12
1.16
1.12
0.84
0.72
0.64
0.44
0.44
0.36
0.32
0.2
0.16
0.04
-0.04
-0.08
-0.08
-0.2
-0.32
-0.4
-0.48
-0.6
-0.68
-0.76
-0.84
-0.88
-1.04
-1.12
-1.24
-1.28
-1.28
-1.32
-1.32
-1.32
-1.2
-1.28
-1.28
-1.32
-1.32
-1.28
-1.28
-1.28
-1.24
-1.2
-1.2
-1.08
-0.88
-0.72
-0.6
-0.52
-0.44
-0.32
-0.28
-0.24
-0.12
-0.12
0
0.08
0
0.24
0.28
0.28
0.52
0.6
0.64
0.72
0.84
0.88
0.96
1.12
1.16
1.24
1.24
1.2
1.28
1.28
1.2
1.28
1.24
1.2
1.24
1.28
1.2
1.16
1.16
1.12
1.16
0.96
0.8
0.6
0.6
0.36
0.36
0.24
0.24
0.12
0.04
0
-0.04
-0.04
-0.08
-0.24
-0.36
-0.44
-0.56
-0.64
-0.76
-0.8
-0.96
-1.04
-1.12
-1.2
-1.24
-1.28
-1.28
-1.24
-1.32
-1.32
-1.32
-1.36
-1.32
-1.28
-1.2
-1.28
-1.28
-1.28
-1.28
-1.2
-1.16
-0.88
-0.76
-0.64
-0.52
-0.48
-0.32
-0.32
-0.28
-0.24
-0.08
-0.04
0.04
0.04
0.08
0.2
0.32
0.4
0.6
0.6
0.72
0.72
0.84
0.96
1.12
1.08
1.2
1.2
1.2
1.2
1.28
1.24
1.28
1.2
1.28
1.16
1.24
1.16
1.24
1.2
1.12
1.16
1
0.76
0.6
0.56
0.4
0.36
0.32
0.24
0.16
0.12
0
-0.04
-0.08
-0.04
-0.12
-0.32
-0.4
-0.56
-0.68
-0.72
-0.76
-0.72
-1
-1.04
-1.2
-1.28
-1.32
-1.24
-1.28
-1.32
-1.32
-1.2
-1.32
-1.28
-1.28
-1.36
-1.32
-1.28
-1.2
-1.24
-1.24
-1.2
-1
-0.84
-0.72
-0.52
-0.44
-0.32
-0.32
-0.28
-0.28
-0.12
0
0.08
0
0
0.16
0.28
0.4
0.52
0.6
0.64
0.76
0.72
0.96
1.04
1.2
1.2
1.24
1.2
1.24
1.24
1.24
1.24
1.24
1.24
1.16
1.24
1.28
1.2
1.2
1.2
1.12
1
0.84
0.64
0.64
0.52
0.4
0.32
0.24
0.2
0.12
0
-0.04
-0.08
-0.04
-0.08
-0.32
-0.32
-0.52
-0.64
-0.68
-0.84
-0.76
-0.88
-1
-1.12
-1.24
-1.28
-1.24
-1.28
-1.36
-1.36
-1.24
-1.24
-1.28
-1.32
-1.28
-1.28
-1.32
-1.24
-1.2
-1.2
-1.2
-1.08
-0.84
-0.68
-0.72
-0.52
-0.48
-0.4
-0.28
-0.24
-0.16
-0.04
0
0.04
0.04
0.16
0.24
0.32
0.52
0.6
0.72
0.72
0.8
0.88
0.96
1.08
1.24
1.24
1.16
1.24
1.24
1.28
1.24
1.24
1.2
1.32
1.24
1.2
1.24
1.24
1.16
1.16
1.16
0.88
